ifr

  000: [00, 00, 00, 00, 00, 00, 00, 00, 00, 00, 00, 00, 00, 00, 00, 00, 00, 00, 00, 00, 00, 00, 00, 00, 00, 00, 00, 00, 00, 00, 00, 00]
  020: [2a, 00, e2, 7b, ef, a5, 00, 80, 02, 00, 00, 00, 00, 00, 00, 00, 00, 00, 00, 00, 00, 00, 00, 00, 00, 00, 00, 00, 00, 00, 00, 00]
  040: [45, 80, 40, 81, 48, 81, 48, 81, 48, 81, 48, 81, 40, 81, 40, 81, 4f, 80, 40, 81, 48, 80, 48, 80, 48, 80, 48, 80, 00, 70, 00, 00]
  060: [00, 70, 00, 70, 00, 70, 00, 70, 48, 81, 00, 70, 00, 70, 00, 70, 00, 70, 00, 70, 00, 70, 45, 80, 48, 80, ff, ff, ff, 0f, 00, 00]
  080: [de, c0, f9, cc, 11, da, 00, 00, 00, 00, 00, 00, 00, 00, 00, 00, 00, 00, 00, 00, 00, 00, 00, 00, 00, 00, 00, 00, 00, 00, 00, 00]
  0a0: [39, 34, 39, 31, 32, 30, 36, 36, 4d, 30, 36, 54, aa, aa, 55, 55, 00, 00, 00, 00, 00, 00, 00, 00, 00, 00, 00, 00, 00, 00, 00, 3a]
  0c0: [00, 00, ff, 18, 18, 08, 00, 00, ff, 18, 18, 08, 00, 17, ff, 00, 00, 00, 00, 00, 00, 00, 00, 00, 00, 00, 00, 00, 00, 00, 00, 3a]
  0e0: [00, 00, 00, 00, 00, 00, 00, 00, 00, 00, 00, 00, 00, 00, 00, 00, 00, 00, 00, 00, 00, 00, 00, 00, 00, 00, 00, 00, 00, 00, 00, 00]
  100: [00, 00, 00, 00, 00, 00, 00, 00, 00, 00, 00, 00, 00, 00, 00, 00, 00, 00, 00, 00, 00, 00, 00, 00, 00, 00, 00, 00, 00, 00, 00, 00]
  120: [00, 00, 00, 00, 00, 00, 00, 00, 00, 00, 00, 00, 00, 00, 00, 00, 00, 00, 00, 00, 00, 00, 00, 00, 00, 00, 00, 00, 00, 00, 00, 00]
  140: [00, 00, 00, 00, 00, 00, 00, 00, 00, 00, 00, 00, 00, 00, 00, 00, 00, 00, 00, 00, 00, 00, 00, 00, 00, 00, 00, 00, 00, 00, 00, 00]
  160: [00, 00, 00, 00, 00, 00, 00, 00, 00, 00, 00, 00, 00, 00, 00, 00, 00, 00, 00, 00, 00, 00, 00, 00, 00, 00, 00, 00, 00, 00, 00, 00]
  180: [00, 00, 00, 00, 82, 8c, 42, 6a, 00, 00, 00, 00, 00, 00, 00, 00, 00, 00, 00, 00, 00, 00, 00, 00, 00, 00, 00, 00, 00, 00, 00, 3a]
  1a0: [a8, 7a, 5f, 98, da, ab, fb, 51, 2f, c3, c2, e5, 74, 9b, 3b, eb, 19, 23, 88, d2, 01, 60, a7, dd, 58, 88, fb, 9d, a4, 09, 52, 3a]
  1c0: [79, 13, 5d, c6, 67, af, f4, f7, d3, 52, b9, 03, 28, 78, 8e, bf, 92, c7, 86, 78, 21, 38, b3, 77, 37, 0b, 15, 19, 4e, 31, 28, 3a]
  1e0: [80, 97, 99, 29, ed, d0, 4e, 40, 12, 4b, 52, ca, e9, ae, 54, b2, 4b, df, f7, 2a, 7b, 8a, 00, 4c, 41, 06, 5b, d1, 40, 20, 78, 3a]
  200: [1c, 9b, ea, e3, 2a, ea, c8, 75, 07, c1, 80, 94, 38, 7e, ff, 1c, 74, 61, 42, 82, af, fd, 81, 52, d8, 71, 35, 2e, df, 3f, 58, 3a]
  220: [00, 00, 00, 00, 00, 00, 00, 00, 00, 00, 00, 00, 00, 00, 00, 00, 00, 00, 00, 00, 00, 00, 00, 00, 00, 00, 00, 00, 00, 00, 00, 00]
  240: [3a, 88, a7, bb, 00, 00, 00, 00, 00, 00, 00, 00, 00, 00, 00, 00, 00, 00, 00, 00, 00, 00, 00, 00, 00, 00, 00, 00, 00, 00, 00, 3a]
  260: [00, 00, 00, 00, 00, 00, 00, 00, 00, 00, 00, 00, 00, 00, 00, 00, 00, 00, 00, 00, 00, 00, 00, 00, 00, 00, 00, 00, 00, 00, 00, 00]
  280: [00, 00, 00, 00, 00, 00, 00, 00, 00, 00, 00, 00, 00, a8, 00, 00, 00, 00, 00, 00, 00, 00, 00, 00, 00, 00, 00, 00, 00, 00, 00, 00]
  2a0: [00, 00, 00, 00, 00, 00, 00, 00, 00, 00, 00, 00, 00, 00, 00, 00, 00, 00, 00, 00, 00, 00, 00, 00, 00, 00, 00, 00, 00, 00, 00, 00]
  2c0: [00, 00, 00, 00, 00, 00, 00, 00, 00, 00, 00, 00, 00, 00, 00, 00, 00, 00, 00, 00, 00, 00, 00, 00, 00, 00, 00, 00, 00, 00, 00, 00]
  2e0: [00, 00, 00, 00, 00, 00, 00, 00, 00, 00, 00, 00, 00, 00, 00, 00, 00, 00, 00, 00, 00, 00, 00, 00, 00, 00, 00, 00, 00, 00, 00, 00]
  300: [00, 00, 00, 00, 00, 00, 00, 00, 00, 00, 00, 00, 00, 00, 00, 00, 00, 00, 00, 00, 00, 00, 00, 00, 00, 00, 00, 00, 00, 00, 00, 00]
  320: [00, 00, 00, 00, 00, 00, 00, 00, 00, 00, 00, 00, 00, 00, 00, 00, 00, 00, 00, 00, 00, 00, 00, 00, 00, 00, 00, 00, 00, 00, 00, 00]
  340: [01, 00, 00, 00, 00, 00, 00, 00, 00, 00, 00, 00, 00, 00, 00, 00, 00, 00, 00, 00, 00, 00, 00, 00, 00, 00, 00, 00, 00, 00, 00, 00]
  360: [00, 00, 00, 00, 00, 00, 00, 00, 00, 00, 00, 00, 00, 00, 00, 00, 00, 00, 00, 00, 00, 00, 00, 00, 00, 00, 00, 00, 00, 00, 00, 00]
  380: [00, 00, 00, 00, 00, 00, 00, 00, 00, 00, 00, 00, 00, 00, 00, 00, 00, 00, 00, 00, 00, 00, 00, 00, 00, 00, 00, 00, 00, 00, 00, 00]
  3a0: [00, 00, 00, 00, 00, 00, 00, 00, 00, 00, 00, 00, 00, 00, 00, 00, 00, 00, 00, 00, 00, 00, 00, 00, 00, 00, 00, 0